-0.6614050813696679
1.028846132363281
0.417366364490907
1.155684793534282
-0.4928916432823374
-0.474007310001433
-0.6015297501146902
-1.3946254295137974
-0.39794937784960027
-0.9027514315023565
0.44729196257433523
0.7495519806692272
-2.0457226872174488
1.3204962933205777
0.07864807206764822
-0.595002076637674
0.3570995474273531
0.082604070429019
-1.1441032000331395
-1.3088449250095773
-16.909632461969505
-15.183581550110025
0.2681112832082202
-0.06416815951386944
-0.006810546273798892
0.010179537109532798
1.5292956325399392
0.689706631000241
0.07389374835117714
-0.01580522171489483
0.19166134716817387
-0.46632298620951473
-0.034978053662481357
0.042402152432262585
